160320107039
180320107001
180320107002
180320107003
180320107004
180320107005
180320107006
180320107007
180320107008
180320107009
180320107010
180320107011
180320107012
180320107014
180320107015
180320107016
180320107017
180320107018
180320107019
180320107020
180320107021
180320107022
180320107023
180320107024
180320107025
180320107026
180320107027
180320107028
180320107030
180320107031
180320107032
180320107033
180320107034
180320107035
180320107036
180320107037
180320107038
180320107039
180320107040
180320107041
180320107042
180320107043
180320107044
180320107045
180320107046
180320107047
180320107048
180320107049
180320107050
180320107051